50
22 365
33 53
25 227
17 332
14 268
33 366
19 300
24 230
3 402
33 239
34 197
7 424
4 403
1 420
9 417
5 371
2 412
22 310
27 325
25 135
20 373
27 353
22 364
2 403
21 370
2 417
31 131
14 392
11 341
25 345
24 264
26 278
8 416
32 151
11 405
5 424
16 281
1 414
23 371
7 390
9 348
31 133
15 377
29 205
31 359
4 388
14 368
24 177
5 404
2 407
0 1 10 14 1 5 5 6 5 4 14 16 12 12 16 16 15 14 14 16 8 13 18 16 7 15 9 19 12 7 7 1 4 4 13 8 11 19 14 10 8 19 19 13 5 2 15 19 12 8
6 0 8 8 16 11 11 3 6 9 11 13 3 15 1 15 6 8 3 8 10 10 15 6 2 11 10 1 18 11 6 3 11 8 4 11 10 8 10 3 14 17 9 8 1 6 3 8 2 10
15 18 0 15 5 13 2 15 12 18 17 12 14 4 15 5 11 6 9 14 3 15 10 18 5 4 15 5 7 4 16 11 6 10 7 18 12 12 7 15 2 9 9 3 16 11 16 17 15 16
2 15 1 0 1 7 8 14 1 5 9 11 1 9 7 1 11 5 12 15 6 9 7 5 14 14 18 18 6 17 5 1 1 16 9 11 17 8 15 9 2 19 13 18 18 10 5 3 18 8
5 10 13 1 0 3 4 5 2 14 9 15 6 12 8 8 16 10 19 4 7 15 16 16 8 3 15 2 10 5 9 17 14 9 3 10 16 9 16 2 7 4 6 11 11 18 17 12 2 14
9 2 6 16 12 0 14 12 2 3 14 16 5 10 10 12 17 16 2 10 18 2 3 5 8 14 9 8 3 3 5 10 17 18 11 15 14 9 13 12 2 19 16 10 7 10 7 17 13 13
14 19 15 11 11 15 0 15 14 17 18 19 17 8 18 18 19 13 15 12 13 2 6 3 11 13 2 17 6 16 4 1 5 15 9 19 15 7 15 2 15 6 18 6 12 19 12 12 3 18
16 18 16 3 15 7 10 0 1 9 5 4 7 5 3 13 13 13 11 1 13 11 9 19 13 15 13 13 3 4 3 17 11 18 12 14 9 7 2 4 3 18 18 19 17 19 5 3 17 5
8 7 11 10 6 4 5 17 0 10 8 17 8 3 18 9 10 12 5 4 10 15 11 3 6 3 12 10 16 18 11 4 8 6 8 19 12 8 15 10 14 17 19 11 13 6 18 17 4 15
5 1 6 10 19 16 8 8 7 0 11 10 1 17 7 4 10 15 3 13 4 13 14 4 10 13 17 17 3 2 14 17 19 13 7 13 19 1 15 11 17 19 10 6 10 6 6 17 18 7
11 13 10 13 16 2 10 4 11 12 0 12 19 17 12 1 16 15 2 10 6 8 17 4 16 14 13 2 11 4 14 15 3 12 8 2 13 13 14 3 15 16 14 18 9 13 18 14 4 9
6 4 13 11 5 18 1 6 15 10 5 0 10 15 3 1 18 2 6 7 1 16 4 11 1 14 7 2 2 7 14 3 18 14 13 8 19 13 8 9 14 2 9 2 8 14 13 3 4 17
8 9 9 19 7 1 15 9 14 5 10 14 0 16 12 17 10 19 19 18 7 13 4 8 19 10 19 11 3 7 17 10 11 8 4 1 12 9 3 9 5 6 7 7 13 4 7 18 11 10
11 10 17 4 12 1 9 15 17 6 13 2 3 0 18 16 16 6 2 6 7 13 13 5 11 1 6 15 14 7 17 4 14 12 12 5 7 15 10 13 14 17 19 15 7 11 9 5 17 12
14 19 10 5 13 14 5 12 13 4 7 12 19 11 0 6 9 7 15 13 6 1 5 4 6 6 12 15 5 5 2 8 5 7 18 18 1 18 12 7 14 15 18 1 9 10 11 9 8 7
4 1 3 17 6 15 1 9 5 17 12 9 19 16 12 0 19 11 9 14 14 10 19 9 10 1 16 12 5 3 2 2 6 13 17 2 7 1 18 7 4 5 3 9 5 16 11 1 10 17
5 19 9 17 6 15 17 11 3 9 14 17 3 19 3 7 0 14 10 6 2 14 7 17 9 7 3 1 18 10 1 6 8 10 3 16 11 19 8 15 10 16 19 17 10 9 12 16 14 16
13 15 14 3 3 17 19 16 17 19 4 18 10 5 19 14 6 0 16 17 17 11 2 4 10 11 4 7 8 12 2 11 17 5 6 14 2 16 3 10 3 7 6 3 16 8 13 18 1 18
8 9 5 18 14 14 4 11 9 18 18 17 7 2 2 8 11 18 0 9 18 7 11 14 6 13 1 2 8 13 10 18 4 9 8 1 9 9 17 15 8 15 10 5 10 9 12 13 10 8
10 8 7 13 4 4 2 4 6 13 16 2 4 19 4 14 15 1 14 0 17 8 14 14 6 12 11 15 5 10 10 17 11 19 11 18 5 6 16 18 17 7 6 11 1 2 13 10 16 9
11 11 14 18 4 15 5 17 8 3 19 17 16 6 6 1 14 7 17 16 0 2 17 4 6 11 10 10 4 3 16 8 5 6 15 13 3 2 11 5 18 5 10 4 18 6 14 19 16 16
5 15 3 15 9 14 4 6 15 5 10 5 14 11 11 6 15 6 11 3 6 0 16 7 8 5 17 3 11 9 16 9 10 8 19 8 17 7 3 14 9 11 9 14 4 10 18 3 14 7
9 19 10 19 10 14 19 14 11 1 2 18 2 16 1 2 2 11 8 11 14 2 0 10 12 3 19 3 15 2 9 12 12 1 17 2 1 9 14 8 3 9 5 1 8 10 4 4 8 15
16 11 3 10 7 17 17 2 12 5 15 2 1 19 18 2 3 3 5 18 14 17 11 0 4 2 18 18 16 19 16 4 11 4 2 3 16 18 7 2 11 17 6 19 11 4 14 9 6 17
12 1 14 18 17 10 17 5 16 3 15 1 13 3 19 11 16 8 19 16 11 10 4 19 0 10 1 7 17 3 15 4 5 9 19 10 16 2 3 11 7 15 7 11 6 3 1 15 7 13
5 12 4 10 16 18 12 12 13 5 6 18 2 8 4 13 8 11 4 9 11 4 11 6 13 0 8 9 12 7 17 19 7 9 15 13 6 3 4 2 15 10 4 12 14 1 7 8 10 3
6 16 13 14 16 8 19 7 13 12 13 1 6 13 15 18 17 14 3 18 6 10 18 4 19 11 0 1 17 9 17 19 19 9 12 6 18 11 10 5 6 3 16 16 10 1 4 6 4 18
19 10 19 15 5 14 15 10 16 18 13 16 10 8 9 4 13 4 10 5 8 13 5 9 1 14 9 0 8 10 4 8 16 14 18 18 15 18 1 10 17 9 7 11 5 16 17 18 11 15
4 19 16 1 11 1 9 5 17 1 3 7 4 6 17 7 9 18 5 3 1 2 5 6 13 7 6 13 0 2 14 8 4 10 9 19 4 13 5 19 5 10 17 13 4 1 16 8 15 17
14 10 14 4 14 8 12 10 11 12 11 18 19 15 8 2 11 5 12 18 19 3 13 12 15 18 19 15 7 0 14 1 5 11 7 2 18 7 6 2 3 15 11 7 10 6 6 8 16 14
18 9 7 13 16 16 1 14 17 15 1 13 15 10 5 13 3 10 10 10 6 2 3 6 10 19 10 10 17 14 0 4 19 19 16 8 15 2 12 1 3 18 12 10 14 5 15 5 18 3
1 15 15 11 6 10 1 2 18 13 12 11 19 18 3 15 18 6 17 10 6 1 4 1 15 1 5 1 11 17 18 0 4 4 1 11 17 1 9 16 1 19 16 5 4 9 10 15 14 11
8 14 11 1 8 11 11 8 16 1 19 16 1 13 18 1 14 2 15 17 5 12 7 3 19 19 14 5 13 6 19 4 0 11 17 2 11 8 1 18 4 8 14 17 7 6 7 9 18 10
12 5 8 8 16 11 14 1 3 7 15 11 7 13 2 17 11 6 1 19 11 13 9 6 4 2 19 1 14 6 6 6 17 0 6 4 3 4 4 9 14 5 2 4 16 4 2 5 9 3
8 9 16 12 17 14 18 12 5 18 13 5 18 17 15 11 16 1 15 2 7 1 16 7 19 11 4 5 8 15 16 7 12 6 0 4 4 15 17 8 5 12 1 10 12 6 7 1 14 6
1 16 4 12 9 12 3 6 4 19 6 7 17 9 6 13 9 3 17 18 19 2 19 8 12 5 14 6 19 1 15 16 3 5 4 0 11 16 13 11 18 15 7 3 1 6 18 3 19 19
11 10 19 8 8 17 11 11 11 9 1 3 12 17 11 19 3 7 12 10 8 6 3 17 13 10 17 17 3 16 4 8 15 11 6 13 0 2 12 18 3 19 2 1 8 9 12 9 15 12
1 13 13 11 7 7 15 2 18 4 18 4 3 10 13 19 8 1 7 5 17 8 7 16 12 7 9 3 8 1 5 11 19 16 8 4 14 0 12 4 16 16 18 14 3 3 19 18 18 7
11 7 15 9 17 9 14 4 2 9 13 15 13 3 3 10 11 12 14 14 15 18 12 11 10 13 18 12 17 8 10 18 12 7 14 14 12 19 0 15 13 3 3 8 10 14 10 6 7 15
9 10 3 5 5 9 4 8 12 15 2 6 14 6 17 14 14 5 11 15 7 13 6 12 18 3 2 15 5 7 15 16 11 11 6 19 10 18 14 0 11 10 13 15 2 19 2 3 16 7
6 6 13 7 8 13 17 10 10 6 13 6 1 8 10 18 15 4 8 6 3 1 13 12 6 10 1 17 16 16 11 1 17 18 9 13 18 12 5 7 0 6 4 8 4 8 4 16 14 3
3 12 10 10 10 13 11 2 16 11 5 16 15 14 15 14 7 9 3 9 7 10 5 15 13 3 13 18 9 18 13 15 18 18 6 15 1 11 13 18 14 0 13 17 13 15 1 3 10 12
7 2 9 17 16 12 3 10 10 10 8 1 13 1 2 5 7 15 15 14 4 14 5 15 8 11 8 5 17 13 1 11 11 3 17 10 14 6 8 13 15 7 0 19 1 8 16 6 4 9
10 19 9 12 2 5 10 11 5 6 11 8 1 12 14 6 13 15 6 11 1 14 13 10 1 8 10 11 1 6 6 12 1 2 15 1 1 3 19 9 5 1 16 0 1 6 10 16 18 11
19 19 6 9 15 14 11 3 12 17 7 2 13 17 11 14 15 6 11 8 18 15 7 1 11 17 6 14 18 15 5 4 18 17 1 7 18 19 2 12 8 9 9 18 0 1 12 14 10 3
15 16 1 18 7 18 6 15 12 5 7 18 13 10 19 14 10 9 12 4 15 4 11 1 13 9 14 13 2 6 2 19 13 3 12 16 14 18 19 18 1 8 3 5 17 0 6 14 10 9
16 18 6 16 4 9 8 8 16 7 7 3 5 2 4 7 9 19 17 13 12 7 2 15 11 17 5 9 7 8 16 1 11 9 6 4 9 5 18 14 13 1 7 7 6 3 0 8 14 5
4 12 19 9 6 18 7 18 5 4 8 19 6 18 10 2 14 6 17 8 7 3 14 15 16 19 18 13 2 8 7 12 19 12 19 2 8 9 14 8 10 18 5 17 19 2 12 0 1 11
4 17 13 9 8 7 7 14 2 9 6 11 15 9 11 19 15 2 8 8 16 5 2 1 9 18 15 18 5 3 4 7 2 4 19 15 5 2 5 7 12 1 11 18 10 9 8 5 0 4
9 12 13 4 16 14 2 15 4 15 16 2 16 6 6 10 14 13 16 2 13 5 19 19 7 1 17 18 5 8 11 6 15 3 4 1 12 5 7 11 8 11 8 7 6 5 11 3 15 0
